15
32
38
34
27
47
19
49
32
18
70
15
19
17
27
19
29
23
25
35
16
30
24
21
66
30
74
30
22
20
28
54
32
43
33
19
37
24
49
73
40
29
26
27
32
33
56
30
25
32
52
25
17
21
22
30
18
30
31
20
27
24
20
65
17
17
17
19
49
33
29
16
24
34
43
49
50
52
33
15
43
38
66
69
32
42
16
26
40
26
27
33
19
30
18
15
31
21
36
18
22
21
38
46
19
37
32
43
21
48
21
43
23
30
42
24
37
72
32
21
50
31
18
34
24
65
21
30
39
59
16
19
26
26
20
44
32
43
22
17
30
32
28
33
27
40
20
25
29
26
34
54
41
43
18
64
24
49
32
33
20
37
34
44
16
23
49
20
26
30
31
57
31
41
62
21
15
16
30
51
34
30
25
29
41
24
32
26
71
29
23
29
34
34
22
44
70
16
60
46
51
52
64
29
44
16
32
52
40
26
63
49
28
15
24
23
34
31
18
29
23
15
25
24
46
25
29
24
15
30
35
27
22
32
30
33
18
32
24
24
22
25
34
16
17
28
62
29
43
34
49
28
61
25
29
40
30
20
39
17
20
29
54
15
23
20
19
29
45
21
17
26
19
19
24
56
72
35
40
20
28
33
33
31
17
27
18
29
24
32
23
34
20
38
18
21
28
40
27
30
25
18
39
22
21
41
17
32
15
21
19
59
19
15
23
16
15
22
46
21
24
29
29
46
33
37
17
23
23
33
33
17
30
29
34
29
44
18
33
19
43
20
50
22
66
27
27
15
17
17
23
34
40
27
40
22
65
39
29
30
45
22
70
33
37
51
32
27
20
29
46
30
59
19
24
50
23
29
25
72
24
46
17
21
21
27
47
33
62
19
30
27
32
26
29
23
33
22
36
32
25
26
19
20
30
24
19
34
22
26
16
49
20
23
25
18
52
27
24
24
26
68
37
55
24
63
20
35
20
38
31
36
17
17
20
17
40
25
38
49
22
28
48
46
18
68
32
21
19
29
33
29
29
29
16
20
23
52
25
22
28
21
17
15
25
27
37
23
71
70
18
51
24
17
30
41
18
20
25
28
33
16
29
34
18
22
70
22
47
18
29
34
52
18
27
32
27
42
27
36
17
16
28
43
16
28
17
29
45
43
29
20
22
19
58
31
29
30
31
41
61
47
50
30
37
42
58
18
16
24
71
26
31
38
20
21
68
43
26
65
30
32
21
53
34
39
31
25
44
15
20
24
17
34
37
21
25
25
74
20
24
53
66
19
27
27
50
22
20
41
47
20
30
32
31
16
33
29
30
23
31
29
30
24
46
34
27
18
22
29
29
18
40
42
33
23
21
48
43
21
26
21
38
16
20
33
38
73
26
24
40
27
33
32
23
27
26
27
30
27
31
47
24
33
16
20
35
23
21
38
19
24
37
24
15
24
23
28
26
24
44
21
23
42
51
46
19
42
17
20
19
34
17
18
25
39
19
17
23
33
32
46
37
40
24
18
30
26
22
38
29
16
33
32
22
31
28
34
33
29
23
21
70
28
22
25
34
16
29
18
67
17
33
25
36
42
30
55
65
18
16
29
16
23
16
19
21
25
24
15
23
65
21
17
28
27
32
47
27
20
26
31
17
30
50
64
33
41
24
73
16
33
30
19
31
17
59
34
15
24
23
19
25
43
61
19
15
66
27
29
27
15
32
24
45
34
26
38
29
22
21
15
58
53
28
33
26
70
21
17
26
30
53
28
29
22
26
57
24
30
32
20
32
22
20
32
30
56
17
42
31
25
20
32
23
63
33
60
35
19
29
22
15
29
34
35
38
15
31
73
20
27
19
23
25
36
27
25
16
39
23
33
30
32
15
27
25
43
33
33
17
24
19
52
39
46
16
54
24
30
24
23
44
28
57
74
23
26
54
27
33
24
20
54
56
18
64
31
19
35
32
71
28
21
21
23
46
39
25
31
31
19
21
28
16
27
18
16
15
24
25
57
28
25
22
16
33
32
22
55
40
30
20
33
70
53
31
29
32
61
32
26
17
47
29
34
50
28
22
26
63
27
37
50
30
24
30
38
22
33
34
21
23
38
54
20
32
41
58
33
33
15
34
18
32
29
28
25
24
33
27
15
18
17
35
29
21
30
22
49
33
30
28
16
27
52
27
49
15
18
59
31
25
17
17
16
32
19
36
21
20
20
53
54
33
33
16
30
47
15
47
29
38
22
22
15
21
25
40
25
33
43
34
52
61
16
16
20
18
38
29
32
43
32
36
24
16
25
18
20
16
22
57
20
37
15
19
19
32
54
33
19
17
43
24
21
29
65
20
22
50
22
52
27
18
29
17
21
26
23
21
31
27
35
50
33
30
29
29
22
32
21
24
21
30
54
74
29
69
28
21
30
30
37
74
24
18
66
31
23
39
30
15
21
48
29
21
32
27
24
42
31
23
18
48
27
21
46
28
25
15
28
15
19
29
39
45
21
25
18
58
29
42
48
32
61
26
44
32
30
17
21
43
28
26
21
34
20
18
33
29
15
31
53
18
30
25
67
28
18
22
25
43
34
39
38
17
22
27
27
33
33
31
29
24
70
30
33
15
37
23
28
26
17
47
17
29
68
17
22
15
23
18
25
30
33
19
42
33
33
26
47
27
46
22
34
19
29
19
26
72
28
28
30
53
48
33
19
25
48
28
33
22
25
26
25
26
65
34
68
47
17
35
41
26
22
17
37
54
15
55
21
32
35
51
31
27
21
22
17
74
20
60
28
28
22
22
30
43
34
18
20
24
31
22
52
16
34
27
62
25
20
52
17
47
16
41
30
24
26
16
38
20
20
34
19
35
64
34
38
31
15
18
19
24
28
33
63
16
20
21
25
20
28
28
16
17
31
19
18
50
29
26
68
28
29
18
34
67
29
22
31
22
17
26
31
28
27
23
35
16
50
50
21
32
25
31
15
26
22
22
40
34
29
17
30
16
18
24
24
21
28
23
29
43
24
59
16
38
25
33
42
18
46
27
30
38
20
15
20
54
23
39
68
30
18
18
19
16
50
52
26
18
16
31
32
19
61
25
18
19
34
24
17
29
27
39
31
33
34
22
71
46
38
16
21
22
31
20
18
27
17
22
20
25
28
34
30
29
30
20
22
54
45
34
25
38
15
36
26
26
37
28
41
34
29
21
22
32
55
22
27
25
48
47
26
27
51
24
15
19
44
29
34
33
27
48
23
20
19
45
20
48
72
23
25
18
33
27
19
15
28
26
26
29
34
73
24
61
17
33
19
23
32
16
29
22
15
39
19
40
33
15
32
46
39
31
19
15
21
30
23
32
15
20
17
19
66
37
29
29
49
30
34
42
18
31
33
64
34
18
21
20
41
31
18
22
23
27
26
22
48
49
17
18
56
30
16
40
26
19
30
27
23
29
29
33
18
45
22
21
28
18
52
31
24
27
23
33
52
27
18
34
70
30
16
21
16
15
18
33
48
15
33
27
30
27
31
34
22
15
35
29
28
27
18
30
35
28
62
27
33
31
24
43
16
46
38
53
21
25
35
48
15
28
27
73
24
20
31
61
40
20
18
20
74
27
33
28
43
33
24
22
16
21
24
31
16
57
22
26
32
51
40
21
17
26
23
35
26
25
32
30
22
24
34
49
32
25
68
42
29
27
31
25
47
39
39
25
21
18
16
39
24
22
22
20
25
16
51
40
38
31
34
28
21
20
31
25
21
61
29
15
49
41
45
19
45
37
38
34
31
42
21
49
21
26
15
15
34
26
52
23
30
74
41
29
18
37
23
30
31
24
29
21
31
34
35
19
24
18
68
25
41
51
30
17
46
34
52
15
26
16
29
41
21
47
33
22
36
18
31
19
25
18
46
25
20
30
27
70
18
23
30
28
20
29
41
26
42
17
64
23
26
31
21
23
35
31
22
41
33
32
34
34
16
32
33
20
20
25
23
20
26
58
19
15
21
50
33
28
60
34
36
16
29
31
57
18
17
23
17
21
20
67
17
69
37
32
33
31
15
28
18
15
45
31
37
62
18
42
27
51
58
21
17
30
28
34
18
30
53
28
17
31
48
49
33
21
40
28
31
27
30
16
44
19
29
15
34
29
18
22
23
20
47
30
38
22
33
26
25
52
17
34
16
37
28
19
22
47
17
44
25
44
31
32
65
35
36
60
43
37
26
17
25
27
32
49
25
31
17
32
17
32
27
48
64
20
57
24
20
44
73
54
33
44
33
38
25
19
58
17
23
52
29
25
33
31
54
22
41
18
33
15
22
16
27
32
15
47
27
16
44
21
39
18
25
19
26
54
23
25
43
16
41
24
19
15
15
29
60
51
31
26
27
64
46
51
22
21
15
23
32
17
23
20
16
28
29
16
38
32
19
32
33
27
29
33
54
15
21
32
29
16
18
40
61
42
33
47
24
26
29
49
67
48
31
22
19
62
18
38
29
32
51
35
23
29
30
25
31
27
23
29
47
24
28
31
29
19
16
16
31
34
21
50
26
29
67
32
26
15
40
19
26
56
27
48
19
54
31
17
17
49
27
68
23
18
36
23
74
23
54
28
20
16
19
15
27
30
25
16
21
16
27
34
34
31
21
34
37
26
20
72
74
27
34
67
16
18
49
34
29
27
31
32
24
18
24
31
16
30
48
23
27
31
28
62
24
24
46
24
22
40
38
51
17
31
26
32
16
23
27
33
19
31
20
19
22
32
30
25
20
29
18
34
17
69
25
28
16
33
32
18
51
23
21
32
33
16
35
26
39
74
19
21
47
66
23
30
15
35
53
26
46
16
35
60
28
22
31
27
16
40
41
34
45
16
24
15
34
28
23
17
29
17
44
15
27
21
26
44
18
28
27
29
54
34
43
27
69
31
48
17
30
61
16
30
33
16
16
19
44
18
52
32
23
16
27
23
16
24
29
23
23
23
32
37
18
31
24
27
33
33
27
35
26
33
32
18
33
21
20
32
48
24
22
26
20
39
31
34
21
25
63
26
31
15
56
18
37
41
20
17
24
26
17
44
24
25
44
46
15
19
18
23
21
32
16
31
39
31
25
22
19
37
52
21
41
21
46
45
18
30
22
35
16
19
19
74
42
45
27
22
24
44
42
16
19
66
73
54
44
33
30
31
66
34
34
46
17
20
22
27
20
23
18
30
46
20
62
24
16
18
72
24
28
25
18
25
25
27
24
34
30
19
38
15
23
28
22
29
41
34
28
17
64
25
68
27
17
17
37
28
19
19
27
22
27
57
42
29
50
28
70
54
21
32
18
17
28
41
34
23
30
65
35
17
33
23
34
30
32
20
16
31
62
30
27
26
25
38
22
31
34
19
23
17
56
42
38
30
46
16
33
33
21
51
28
29
17
24
29
33
38
18
65
48
30
25
27
34
53
59
16
30
34
37
15
20
46
47
29
23
63
18
23
21
23
15
49
21
28
18
21
17
15
53
50
60
31
33
32
19
16
39
22
68
26
26
47
32
24
20
20
51
57
56
15
30
20
28
20
25
16
30
31
49
32
17
19
65
18
18
17
38
27
23
20
18
24
26
20
19
56
69
16
24
19
21
34
16
25
31
19
30
35
29
33
32
15
54
29
52
24
50
68
17
47
38
16
27
28
34
30
50
40
45
68
24
21
17
26
17
15
72
16
20
21
22
19
19
27
24
26
16
25
50
32
60
18
17
43
27
45
51
32
17
44
16
22
27
41
33
33
60
15
31
16
21
30
27
26
18
39
27
55
35
26
33
27
65
33
28
31
30
16
16
15
16
28
25
39
30
67
32
40
16
21
46
17
64
21
20
20
20
69
25
43
30
38
23
26
30
43
28
24
21
38
28
23
24
27
27
21
15
23
18
20
37
53
27
58
43
15
38
29
30
33
28
25
43
32
32
52
19
19
33
31
74
32
23
15
21
23
46
23
30
21
34
24
23
24
56
51
51
43
18
27
20
48
15
27
29
29
17
74
15
47
17
41
38
45
30
17
54
29
33
17
22
17
28
28
31
29
16
17
42
23
36
33
65
33
47
22
19
24
23
15
23
20
22
34
32
27
68
24
21
16
15
30
33
51
17
73
50
33
43
32
20
30
33
33
65
51
15
67
25
17
57
24
20
16
23
45
51
36
16
48
60
18
49
31
29
37
15
73
27
16
34
25
48
15
15
15
51
73
61
50
21
24
72
39
31
24
22
18
27
24
51
24
16
22
27
54
23
16
31
19
30
18
36
46
52
18
34
22
50
23
24
19
48
44
23
41
63
26
68
19
34
27
15
26
17
29
19
34
43
54
24
30
15
21
32
24
30
53
28
30
42
30
49
27
27
24
54
22
16
26
23
21
31
45
20
20
31
58
53
29
29
47
34
32
21
20
19
28
23
21
15
26
42
27
60
19
16
27
17
20
32
18
31
72
45
40
43
40
28
18
17
20
27
17
32
21
19
19
48
65
20
61
26
21
51
24
15
17
29
24
23
18
23
27
50
45
24
26
17
21
17
15
44
18
26
39
15
32
34
16
28
18
32
24
18
27
23
29
34
25
52
31
21
19
27
18
68
53
33
28
33
25
34
74
19
24
28
16
23
19
33
25
16
38
47
19
30
34
38
22
20
52
26
15
65
34
40
52
17
29
52
31
28
35
53
16
20
27
18
36
26
46
24
57
54
47
35
16
16
49
20
45
22
25
17
19
27
34
29
32
26
19
40
44
